0.37 
0.19 
0.48 
0.82 
0.52 
0.12
0.21
0.37 
0.19 
0.48 
0.82 
0.52 
0.12
0.21
0.37 
0.19 
0.48 
0.82 
0.52 
0.12
0.21
0.37 
0.19 
0.48 
0.82 
0.52 
0.12
0.21
0.37 
0.19 
0.48 
0.82 
0.52 
0.12
0.21
0.37 
0.19 
0.48 
0.82 
0.52 
0.12
0.21
0.37 
0.19 
0.48 
0.82 
0.52 
0.12
0.21
0.37 
0.19 
0.48 
0.82 
0.52 
0.12
0.21
0.37 
0.19 
0.48 
0.82 
0.52 
0.12
0.21
0.37 
0.19 
0.48 
0.82 
0.52 
0.12
0.21
0.37 
0.19 
0.48 
0.82 
0.52 
0.12
0.21
0.37 
0.19 
0.48 
0.82 
0.52 
0.12
0.21
0.37 
0.19 
0.48 
0.82 
0.52 
0.12
0.21
0.37 
0.19 
0.48 
0.82 
0.52 
0.12
0.21
0.37 
0.19 
0.48 
0.82 
0.52 
0.12
0.21
0.37 
0.19 
0.48 
0.82 
0.52 
0.12
0.21
0.37 
0.19 
0.48 
0.82 
0.52 
0.12
0.21
0.37 
0.19 
0.48 
0.82 
0.52 
0.12
0.21
0.37 
0.19 
0.48 
0.82 
0.52 
0.12
0.21
0.37 
0.19 
0.48 
0.82 
0.52 
0.12
0.21
0.37 
0.19 
0.48 
0.82 
0.52 
0.12
0.21
0.37 
0.19 
0.48 
0.82 
0.52 
0.12
0.21
0.37 
0.19 
0.48 
0.82 
0.52 
0.12
0.21
0.37 
0.19 
0.48 
0.82 
0.52 
0.12
0.21
0.37 
0.19 
0.48 
0.82 
0.52 
0.12
0.21
0.37 
0.19 
0.48 
0.82 
0.52 
0.12
0.21
0.37 
0.19 
0.48 
0.82 
0.52 
0.12
0.21
0.37 
0.19 
0.48 
0.82 
0.52 
0.12
0.21
0.37 
0.19 
0.48 
0.82 
0.52 
0.12
0.21
0.37 
0.19 
0.48 
0.82 
0.52 
0.12
0.21
0.37 
0.19 
0.48 
0.82 
0.52 
0.12
0.21
0.37 
0.19 
0.48 
0.82 
0.52 
0.12
0.21
0.37 
0.19 
0.48 
0.82 
0.52 
0.12
0.21
0.37 
0.19 
0.48 
0.82 
0.52 
0.12
0.21
0.37 
0.19 
0.48 
0.82 
0.52 
0.12
0.21
0.37 
0.19 
0.48 
0.82 
0.52 
0.12
0.21
